1004109301 0.31513 106 34 152 81
1004109301 0.367103 0 80 28 111
1004109301 0.278312 41 184 67 210
1004109301 0.749759 84 279 119 314
1004109301 0.366686 154 423 212 482
1004109301 0.2317 384 580 420 616
1004109301 0.247603 414 589 450 625
1004109301 0.485572 73 298 120 345
1004109301 0.151912 83 446 135 498
1004109301 0.32724 291 178 462 350
1004109301 0.999998 191 237 467 513
111076519 0.191976 881 739 926 784
111076519 0.178433 1297 812 1331 847
111076519 0.321335 1283 895 1308 919
111076519 0.110875 2044 936 2082 973
111076519 0.129075 1978 984 2007 1013
111076519 0.139722 1788 985 1830 1027
111076519 0.119985 2150 1004 2177 1031
111076519 0.306978 1938 1013 1979 1054
111076519 0.421002 1657 1019 1701 1063
111076519 0.668379 1610 1013 1655 1058
111076519 0.390744 1772 1031 1809 1068
111076519 0.248821 1915 1031 1948 1064
111076519 0.104354 1680 1054 1708 1082
111076519 0.560421 2176 1044 2209 1077
111076519 0.154022 1721 1046 1758 1083
111076519 0.142709 1346 1045 1404 1103
111076519 0.404646 1811 1059 1849 1096
111076519 0.686957 2146 1047 2192 1093
111076519 0.206792 2193 1067 2226 1100
111076519 0.508869 1784 1073 1815 1104
111076519 0.207509 2228 1075 2263 1110
111076519 0.162791 2324 1077 2354 1106
111076519 0.517566 1682 1081 1719 1118
111076519 0.109773 1842 1079 1879 1116
111076519 0.142415 1657 1107 1687 1137
111076519 0.500681 1405 1096 1460 1152
111076519 0.192845 1855 1103 1892 1140
111076519 0.191822 1744 1119 1777 1151
111076519 0.118471 2021 1104 2066 1150
111076519 0.269861 1390 1117 1443 1170
111076519 0.325858 1947 1128 1991 1172
111076519 0.255182 2109 1126 2156 1172
111076519 0.41306 1702 1136 1736 1170
111076519 0.104199 1879 1135 1922 1179
111076519 0.277496 1843 1139 1881 1177
111076519 0.168133 1623 1150 1661 1188
111076519 0.113448 1217 1147 1261 1191
111076519 0.616272 1780 1159 1815 1193
111076519 0.123705 1644 1167 1684 1207
111076519 0.707903 1674 1184 1707 1217
111076519 0.360269 1327 1189 1369 1231
111076519 0.232441 1886 1176 1939 1229
111076519 0.148086 1644 1198 1682 1236
111076519 0.115195 1426 1203 1475 1251
111076519 0.157616 1215 1214 1256 1255
111076519 0.156583 1315 1213 1355 1253
111076519 0.680122 1842 1212 1877 1247
111076519 0.352524 1724 1223 1760 1260
111076519 0.432165 1879 1228 1916 1264
111076519 0.719993 1652 1236 1685 1269
111076519 0.364199 2004 1246 2036 1278
111076519 0.132342 1311 1249 1354 1292
111076519 0.671489 2093 1257 2129 1293
111076519 0.366858 1832 1270 1861 1299
111076519 0.411148 1707 1293 1738 1324
111076519 0.183626 1759 1291 1794 1326
111076519 0.131121 587 1296 632 1341
111076519 0.112292 620 1300 662 1341
111076519 0.258919 1678 1301 1714 1337
111076519 0.151284 636 1341 662 1367
111076519 0.649907 1713 1349 1742 1378
111076519 0.264342 697 1366 732 1401
111076519 0.105281 729 1364 761 1397
111076519 0.499541 779 1359 813 1393
111076519 0.103748 1659 1368 1705 1414
111076519 0.252813 609 1383 646 1420
111076519 0.116908 678 1379 710 1410
111076519 0.160032 727 1385 762 1419
111076519 0.104545 1460 1397 1501 1438
111076519 0.434642 348 1395 394 1440
111076519 0.609726 623 1397 662 1437
111076519 0.261569 511 1401 550 1441
111076519 0.726633 451 1427 482 1459
111076519 0.136509 351 1463 383 1495
111076519 0.237403 1591 1484 1622 1515
111076519 0.78518 294 1496 334 1536
111076519 0.411817 626 1530 658 1562
111076519 0.843329 796 1531 827 1562
111076519 0.185292 206 1526 250 1570
111076519 0.595543 644 1534 674 1564
111076519 0.16012 759 1539 791 1571
111076519 0.144593 220 1562 260 1602
111076519 0.261583 726 1580 770 1624
111076519 0.171248 452 1589 483 1619
111076519 0.496814 270 1589 305 1624
111076519 0.144437 703 1590 736 1623
111076519 0.137116 224 1604 258 1638
111076519 0.389484 362 1612 399 1648
111076519 0.460543 591 1625 627 1661
111076519 0.257575 467 1642 503 1678
111076519 0.695787 492 1648 535 1690
111076519 0.25855 317 1654 352 1690
111076519 0.490042 400 1646 438 1684
111076519 0.471988 443 1663 486 1706
111076519 0.305695 504 1664 540 1700
111076519 0.532582 1187 1637 1257 1707
111076519 0.683243 473 1670 512 1709
111076519 0.17478 719 1682 754 1716
111076519 0.440954 377 1674 427 1724
111076519 0.664104 553 1684 588 1719
111076519 0.152193 644 1686 671 1712
111076519 0.202918 539 1701 578 1740
111076519 0.736457 473 1700 517 1745
111076519 0.906931 417 1709 456 1747
111076519 0.183928 1334 1714 1377 1757
111076519 0.206926 634 1733 664 1763
111076519 0.390167 604 1731 638 1765
111076519 0.227311 1328 1734 1376 1783
111076519 0.647433 369 1757 390 1778
111076519 0.151922 392 1752 423 1783
111076519 0.205781 514 1762 544 1792
111076519 0.500882 654 1768 687 1801
111076519 0.190966 323 1768 364 1809
111076519 0.196472 373 1784 409 1819
111076519 0.288516 436 1794 462 1820
111076519 0.152025 2018 882 2065 929
111076519 0.144883 2113 890 2160 938
111076519 0.423132 2004 974 2049 1019
111076519 0.51492 1741 1025 1783 1067
111076519 0.148309 1986 1044 2037 1095
111076519 0.693248 1646 1055 1688 1097
111076519 0.564143 2025 1071 2064 1111
111076519 0.228826 2110 1074 2157 1121
111076519 0.158146 2133 1082 2180 1129
111076519 0.89129 2338 1073 2386 1121
111076519 0.692464 1928 1093 1979 1144
111076519 0.13548 2260 1110 2307 1156
111076519 0.890479 1810 1135 1845 1170
111076519 0.157537 1672 1142 1711 1180
111076519 0.561197 1897 1141 1944 1188
111076519 0.203667 2133 1142 2182 1190
111076519 0.760929 1735 1161 1780 1206
111076519 0.400301 1812 1166 1868 1223
111076519 0.36588 1447 1179 1506 1238
111076519 0.263097 1773 1210 1812 1250
111076519 0.794096 1937 1224 1973 1260
111076519 0.1114 2016 1202 2066 1252
111076519 0.321285 1803 1223 1844 1264
111076519 0.429334 2033 1231 2069 1267
111076519 0.878116 1916 1244 1960 1288
111076519 0.17093 1223 1261 1261 1298
111076519 0.186052 1599 1239 1667 1307
111076519 0.22839 2019 1284 2060 1325
111076519 0.205312 1845 1296 1883 1335
111076519 0.233179 1814 1327 1853 1366
111076519 0.178413 1598 1392 1658 1452
111076519 0.215794 1224 1439 1271 1487
111076519 0.115106 375 1548 427 1599
111076519 0.366421 398 1584 447 1632
111076519 0.255199 497 1595 547 1646
111076519 0.330901 555 1630 606 1681
111076519 0.245045 288 1659 323 1695
111076519 0.178558 703 1659 747 1703
111076519 0.294801 662 1662 709 1708
111076519 0.444649 605 1675 642 1711
111076519 0.438173 698 1675 741 1718
111076519 0.523477 729 1694 791 1756
111076519 0.186279 329 1698 372 1741
111076519 0.76747 425 1756 469 1800
111076519 0.166899 253 1779 300 1823
111076519 0.546523 577 1798 603 1824
111076519 0.627967 2204 1129 2266 1191
111076519 0.411848 1972 1149 2031 1207
111076519 0.103535 368 1383 427 1443
111076519 0.56379 438 1685 491 1738
111076519 0.999924 1029 569 1216 756
111076519 0.999997 1096 695 1283 882
111076519 0.353528 389 1339 489 1439
111076519 0.156514 56 1572 232 1748
1139324862 0.1554 657 386 696 425
1139324862 0.178079 253 396 280 422
1139324862 0.280882 123 420 168 464
1139324862 0.13028 660 419 692 451
1139324862 0.187855 164 470 193 499
1139324862 0.175924 207 494 240 527
1139324862 0.265173 655 504 694 542
1139324862 0.21292 116 514 166 564
1139324862 0.233669 164 542 201 580
1139324862 0.103316 103 565 140 603
1139324862 0.161392 64 579 104 619
1139324862 0.165758 109 627 144 662
1139324862 0.101234 82 653 116 687
1139324862 0.14458 287 408 435 556
1139324862 0.999994 174 109 452 387
1204062305 0.184837 290 19 332 61
1204062305 0.346495 264 43 307 86
1204062305 0.81222 791 101 829 139
1204062305 0.132725 198 226 246 274
1204062305 0.133501 377 299 416 338
1204062305 0.130631 286 323 326 363
1204062305 0.104692 325 362 367 404
1204062305 0.307275 383 386 431 434
1204062305 0.377323 131 406 179 455
1204062305 0.149114 63 481 99 517
1204062305 0.453362 166 518 210 562
1204062305 0.520224 382 536 431 585
1204062305 0.200984 631 561 670 600
1204062305 0.125615 570 643 612 685
1204062305 0.101545 951 739 988 767
1204062305 0.242923 298 48 389 139
1204062305 0.100057 852 536 1023 717
1204062305 0.999811 403 207 656 460
1224897301 0.999296 0 6 332 467
