2007_000272.jpg 0.144897 226 358 267 398
2007_000272.jpg 0.153973 226 374 271 418
2007_000272.jpg 0.16478 257 387 298 428
2007_000272.jpg 0.181575 281 393 310 422
2007_000272.jpg 0.100427 0 419 43 476
2007_000272.jpg 0.307457 62 145 130 214
2007_000272.jpg 0.172122 265 360 316 411
2007_000272.jpg 0.894282 0 376 50 437
2007_000272.jpg 0.999997 149 110 259 220
2007_000664.jpg 0.277458 143 24 184 64
2007_000664.jpg 0.307245 15 83 61 128
2007_000664.jpg 0.134444 190 231 273 315
2007_000664.jpg 0.999998 60 43 290 273
2007_000664.jpg 0.829418 45 243 198 374
2007_000807.jpg 0.999832 97 52 143 98
2007_000807.jpg 0.15445 36 174 79 217
2007_001558.jpg 0.253128 402 0 435 33
2007_001558.jpg 0.723303 323 35 477 190
2007_001558.jpg 0.789636 87 60 211 184
2007_001583.jpg 0.171507 428 14 462 48
2007_001583.jpg 0.990923 333 47 360 74
2007_001583.jpg 0.999507 107 40 147 80
2007_001583.jpg 0.460965 214 102 236 123
2007_001583.jpg 0.794303 174 128 197 150
2007_001583.jpg 0.863578 41 147 71 177
2007_001583.jpg 0.746094 363 138 389 164
2007_001583.jpg 0.103624 93 157 128 192
2007_001583.jpg 0.583863 106 162 143 199
2007_001583.jpg 0.184728 160 185 191 216
2007_001583.jpg 0.654382 31 181 67 216
2007_001583.jpg 0.228308 113 224 136 247
2007_001583.jpg 0.360621 7 122 48 163
2007_001583.jpg 0.322995 140 133 182 176
2007_001583.jpg 0.532 12 212 53 252
2007_001583.jpg 0.391573 151 213 192 253
2007_001583.jpg 0.385374 154 227 195 268
2007_001583.jpg 0.188494 317 265 373 321
2007_001583.jpg 0.137163 422 143 487 208
2007_001583.jpg 0.209603 211 246 336 371
2007_001627.jpg 0.999902 182 30 233 80
